3411
2701
1764
264
1142
852
2028
2774
3341
161
779
536
3853
357
249
2569
4175
2971
1368
3305
2586
591
3710
1909
4085
443
582
3895
3291
3535
2487
3204
476
3042
596
3524
1206
1284
4293
1168
410
3417
1332
892
623
2406
778
3472
2864
4174
1462
3416
453
4397
2036
1017
1033
3491
1207
4163
1092
2897
1445
2990
473
1155
510
1671
3957
561
1043
182
1854
238
2900
444
987
3041
612
1167
3594
2739
677
2585
2170
636
3940
2680
848
2938
2328
2829
3331
2871
2122
2169
3093
884
3557
525
3684
2277
4399
1135
1703
3268
3679
686
2448
992
3655
3711
1748
3881
3473
1756
3518
2376
3223
265
3026
3516
3749
1893
1496
4065
1280
378
3025
3348
820
1585
2257
3146
3147
3094
3198
3064
4189
693
1707
3831
3606
2758
988
4126
4352
2218
883
3288
2620
2227
2745
2775
4405
1061
2907
2753
3027
370
3904
2401
3555
978
1958
1930
3038
2439
962
491
4317
2314
2334
2638
3312
3724
3455
3435
543
2444
3997
4049
3935
3842
1527
735
4053
4135
3539
730
2482
3188
825
3037
4395
3657
428
3205
1490
3805
4253
3988
4243
412
2458
2572
889
2877
3183
2942
1793
3652
3933
4188
2977
3996
858
836
3287
3729
1917
3789
4279
3777
3716
3626
1085
175
1747
2698
2338
2191
2983
1181
451
4305
2509
3772
1883
2920
3921
989
3667
236
3021
3689
3918
2767
3519
3192
3011
1566
1697
1595
3521
351
2887
3812
3392
2480
276
656
3091
2780
2681
544
1102
812
4213
1442
2378
4234
4232
4127
3449
1064
3607
897
3248
3522
2387
4327
3788
2650
1847
1903
1582
2764
3164
3234
1420
3476
1349
2901
2715
2778
920
3586
3654
2937
1751
4095
3003
1159
3531
598
923
4302
4277
933
3485
3712
3959
687
1754
824
3708
4326
2818
1246
4237
990
4260
4036
364
1115
2740
3300
800
2059
1489
3799
3144
3313
3406
1853
4301
2216
2656
2619
3362
869
1997
3718
3919
523
3627
2798
2910
404
3096
4259
4069
3074
3000
737
2986
366
3621
2803
1551
2407
3088
1389
2014
653
3412
3342
4023
572
472
3916
1218
733
975
2600
4377
3253
3836
3376
1138
3844
2989
1226
4235
2658
1274
4052
1940
4402
1523
500
1572
3618
3012
3520
2494
2686
3735
465
4048
2888
1205
627
2879
4027
3951
3855
2327
1273
2873
3989
2183
4247
1448
3464
3584
245
3998
2020
1868
4202
324
2262
2320
3443
2313
448
3155
517
1265
3746
1211
850
379
2568
2941
2840
3190
489
442
2883
2443
1992
2077
2332
4348
2250
538
1193
2055
2374
2632
2181
2098
3214
1119
859
3573
1120
4037
2922
2876
4024
3263
1143
768
1203
3361
3058
3815
935
4200
2909
3309
2727
1848
2828
3700
991
3830
998
860
1744
1045
1034
1649
3589
2442
866
2352
2692
2431
2326
2918
3090
796
4122
3345
2854
797
3046
1031
4289
2489
1775
2550
968
1007
4298
3897
4233
1404
3787
3925
1613
3273
1996
2188
2936
3235
2080
2923
503
1431
4061
3290
857
2735
1673
2819
1116
2292
464
2995
4218
3142
3303
4273
3016
2228
4054
4223
3670
372
1878
3482
4335
4092
462
3266
4290
1132
3784
4074
2074
1575
3275
1140
1364
3656
3854
3981
4210
3775
2978
1506
4040
2666
493
2168
3129
696
1928
1081
4081
1101
1570
2288
655
539
1406
3845
3886
2991
3826
4183
4257
4252
308
4033
925
495
3078
2724
4379
2110
262
4369
4311
1008
2809
2878
961
2245
4146
2477
2687
1722
2808
3954
3015
727
1065
1094
1011
3817
2894
3719
1395
2492
1584
4254
1724
290
976
1757
906
3774
1552
2720
2365
4173
4193
183
1358
3780
4238
3739
842
2660
2940
3437
1357
2903
4320
772
3261
376
1079
1076
2976
1521
3869
3255
931
3080
368
3958
1160
1518
1228
1015
3532
3840
1253
638
3451
3556
3425
3100
4376
950
4005
1844
3986
1742
3343
921
4165
3280
2999
286
584
4185
3225
3980
406
2895
853
1781
2100
1458
4328
3707
1604
3835
3488
1596
1268
3834
2787
2391
909
1198
2609
4211
2139
2173
3614
3513
2906
2843
3768
3767
3258
1718
1118
2855
2669
2728
3294
3250
2248
1112
4161
1850
3101
2524
3193
2987
4349
1075
4306
1614
211
2972
705
4236
3875
3373
3696
3580
1714
1408
1078
3484
1082
3581
2899
1905
288
2924
4102
2037
891
2607
4089
3999
777
3880
3864
2838
2688
4158
3286
1891
3565
1139
3462
3335
2763
951
3600
1196
4394
2646
401
527
3879
4287
2011
688
1564
2415
2581
3218
3401
783
2097
2043
1235
669
1533
4169
3653
1534
908
502
3279
1350
4220
429
2486
2205
3792
3923
3293
3609
466
3648
4178
4308
856
4068
4255
3355
954
4186
181
3619
3005
3861
1573
2260
1063
1402
1907
1262
2742
2078
385
3298
670
953
3917
916
4051
2733
2832
3378
3431
1717
3332
3420
1842
2765
2880
1151
2490
4179
1261
3882
1750
3575
2396
3271
373
309
3692
940
3213
2604
2006
2175
3525
2998
959
3896
3199
1749
4103
3098
657
3137
2762
2820
3033
2433
4245
4288
4119
890
3278
784
4299
2221
639
840
2651
1867
881
2186
1999
3795
3256
1994
247
162
3734
1944
3615
383
1960
2833
1553
3153
166
322
371
1023
2382
408
241
4012
1419
2302
3222
3811
280
1416
2447
3202
1032
3196
941
2554
2789
4292
1565
2000
2520
1768
1295
3616
243
171
2085
3180
1136
4093
2072
2696
4401
1715
3195
917
2710
212
474
279
1128
668
2637
2086
4090
537
3686
1071
541
4256
3077
3661
4014
2623
402
3002
2974
1035
3801
251
377
365
1103
597
1089
2519
2530
3441
2307
4002
2193
993
3200
248
1979
1379
2794
2263
3839
3782
433
3191
1341
1429
1407
3465
2788
3612
4280
1698
4134
2830
980
4385
540
1229
3148
1449
4316
1625
4225
2896
2772
3185
2364
3763
2796
3843
1774
3426
445
3284
3089
3254
3179
2162
307
2220
955
734
4307
1916
1275
4272
2217
2629
2979
4080
2278
2689
3673
1758
3635
1157
3375
3221
1786
1053
793
1938
4274
3075
1581
487
2521
2249
1297
449
3771
1356
1790
3334
660
3150
3381
434
3818
1937
726
2851
3403
1266
3215
240
3523
3292
977
2135
255
4063
3931
1308
918
855
2685
2770
3079
2404
642
1447
2769
1444
3807
700
3668
3676
907
2247
3246
287
2836
3546
816
4396
3020
282
1208
3816
3141
2872
3114
1794
2397
3713
3599
1567
3143
2839
1009
3965
787
530
471
3709
1461
1222
3985
3320
2975
1946
3878
1762
3984
957
2717
867
1230
1696
3237
4128
846
781
323
2134
967
4088
571
4106
3111
2280
938
4153
2608
1459
2657
2441
2412
3501
4334
519
3427
3582
3444
2163
958
305
3837
4381
1278
3217
599
3514
2479
1593
1939
4094
1255
3794
1788
4208
2333
3596
3511
2627
3428
3571
1114
2649
729
832
740
2721
4283
2317
4278
1169
147
2874
1260
3569
1555
3595
1699
1791
3087
2659
703
2189
163
3706
795
1131
1351
4284
153
1528
2756
3974
1183
1231
3418
4231
2069
1556
3001
1766
870
732
769
658
156
1712
2308
2944
3285
1919
3938
160
1626
2121
3240
701
3014
2902
3130
4038
2357
3317
2266
2645
2027
4281
1934
3723
3646
3675
3868
2738
629
4021
3432
1494
2754
585
2164
3367
2473
3737
3715
792
2388
3884
4034
1526
2023
4312
388
1558
1046
3434
3252
3682
3534
4400
1486
1386
2719
888
828
1936
1965
4333
165
1933
4182
2363
2187
574
4176
173
4300
1390
2633
2340
2755
513
3262
2992
3540
3338
4241
3579
3260
2731
254
2275
3683
3993
2616
2641
3483
2149
2635
924
3865
1770
2961
3647
1767
3628
4035
2276
3220
4338
1369
2255
896
2132
1036
3113
1943
1264
3512
910
3236
3680
2835
1843
1450
4184
340
4212
2729
2259
894
2229
1621
815
1126
3910
2252
600
3617
3563
3474
4222
2015
1721
269
2870
2925
3674
785
3306
1296
3964
3197
3297
4172
1512
3301
1927
2647
3158
2167
1319
2222
1097
2882
3726
2414
965
3231
4010
2051
3311
4099
2160
1137
1215
3963
983
3289
2790
849
4360
929
4170
1845
3296
970
1948
3013
1860
3620
2549
663
789
3740
3764
548
3161
4076
4318
2804
2272
2566
1753
831
3162
4086
960
973
791
4150
690
3154
3212
986
1941
2960
3454
799
3547
3687
3766
1723
2408
1310
4199
2377
3629
3887
2912
1062
497
3102
4351
2884
1474
3663
2892
2398
2166
3307
4078
4164
1926
515
3945
2806
2869
3885
1182
695
1473
3259
3703
4009
3572
3671
2939
2182
4295
3678
2478
2518
1574
1170
3156
3383
4055
626
3429
3344
1563
496
3453
4131
2390
2761
667
821
4104
2201
1568
3936
150
1083
2235
3448
505
1648
3099
2330
1530
4116
3504
4142
1497
1559
1141
1292
3730
4214
3006
1109
387
2165
4133
512
4032
826
2718
157
2988
770
2383
1691
3073
1258
1347
3299
1898
1734
2190
3034
2523
4329
823
2311
1711
1547
851
2356
728
1785
3216
2546
3972
3031
2394
2234
3769
1931
3145
1348
3548
2380
2491
4244
3239
488
1090
2771
4070
514
1352
531
4366
441
1906
1532
3086
3631
1743
697
2310
2800
3039
1098
253
1080
3419
3982
3160
2452
2759
2831
1370
2113
1171
2958
2997
4013
930
3354
2716
2246
3267
490
2106
1014
195
4276
3112
3517
4046
3211
1509
882
2361
4368
3463
3024
640
905
2747
1510
3315
2351
3574
518
1949
4026
969
2810
1199
1700
1554
146
294
3105
3819
2083
2339
3950
835
4383
1772
974
692
3415
1441
3699
1904
4087
1254
289
194
3257
3095
2495
689
3872
1475
567
4132
765
1942
2699
1202
2202
2312
480
545
3249
4155
3007
4101
4294
3030
1104
1021
2582
1465
1858
3159
1759
4297
504
3505
3550
2045
2392
885
3372
2697
739
3672
2309
4331
3802
2001
3481
2994
1010
2124
2743
4039
2099
652
3224
1957
1020
1782
2773
1030
239
2230
409
2691
3351
2360
1866
2636
499
4196
1914
3135
4270
3577
3475
3688
1856
393
403
2943
3937
3976
4393
4083
1367
1488
2670
2350
492
3494
2432
4336
4205
2184
2749
1194
2194
4359
3379
1971
868
3336
3104
3990
782
994
2898
509
3413
3695
4398
1911
1201
3630
3650
854
1251
1755
2744
834
2123
546
1672
2842
3909
1360
1345
446
1601
3387
3567
1871
1039
3063
786
3704
1293
1752
170
2618
4091
1876
1272
1318
952
813
2265
4242
1022
3562
2837
4382
3489
3804
149
1602
2455
159
3072
2024
1096
3057
2708
4251
932
3060
417
3380
4215
174
2517
2030
3283
2359
2451
4118
172
4370
3977
1947
2889
191
1234
3051
2707
3790
1446
1894
4162
1841
486
3452
2107
3669
2575
1320
4239
3447
1276
2056
2070
3036
1956
2522
3203
981
704
2865
1725
4022
498
158
2488
833
2834
3302
1529
4224
4000
2379
1531
2261
3714
3576
4079
837
3733
4364
4109
573
3115
3018
4125
1108
3477
3149
3157
767
1583
3738
4167
215
1256
3736
817
3339
963
2732
1650
2472
1998
2617
1783
2846
2242
736
3035
1166
2219
2291
2367
1184
3127
3833
3377
2133
3960
1498
3578
2722
4159
844
3728
2353
3838
634
3995
919
1405
3863
2921
2963
3430
2980
506
698
1232
435
3633
2289
1077
637
2676
3798
237
2768
2040
3023
2766
1993
2068
3352
1191
501
3651
2547
3347
4203
4303
1592
4240
2270
3666
4180
2471
1130
3134
2690
1316
1127
972
1018
3732
2639
798
3924
2626
3318
3920
3820
2793
3851
2475
3781
3538
2723
2801
911
2890
2012
4097
542
2079
2630
3371
1932
2797
306
3442
384
1713
2737
2161
2042
1535
3862
2908
4077
702
666
3238
3459
2622
995
3934
2945
3773
3932
3698
4157
4337
691
3061
550
738
4177
2192
3247
4250
1055
1072
3230
2730
1041
985
1403
386
4330
2109
3560
1277
549
2241
520
148
2628
2875
3071
2904
2437
4075
1569
1443
1653
895
3103
2474
3533
1973
325
2914
354
1158
2736
1269
1047
2483
2038
3353
2318
948
4367
934
1152
4404
4286
3902
3085
1209
1557
547
1635
2411
1174
4315
1508
1019
2290
2590
1111
1961
310
3004
3922
2973
2802
4391
1507
3786
3081
2319
2325
1655
1629
3050
2306
3461
2959
3779
2984
391
4361
583
1212
3939
2516
1652
2805
937
964
3690
1091
359
1716
2700