151
169
172
173
209
238
243
246
251
282
287
294
306
309
358
365
368
372
373
374
376
385
401
406
407
440
450
453
465
474
490
509
524
529
531
573
585
599
615
634
663
670
684
698
699
727
733
738
739
772
776
781
782
797
812
813
824
841
846
850
858
860
883
897
898
906
907
919
923
925
950
958
983
989
991
999
1017
1021
1028
1032
1037
1075
1100
1103
1105
1132
1135
1152
1158
1169
1171
1184
1207
1232
1251
1260
1268
1273
1277
1300
1312
1319
1358
1361
1362
1363
1372
1404
1408
1429
1443
1494
1506
1518
1528
1563
1572
1583
1587
1592
1596
1601
1649
1691
1696
1704
1745
1765
1768
1781
1786
1794
1849
1876
1883
1892
1893
1895
1898
1902
1938
1965
1975
1994
2001
2020
2022
2043
2053
2075
2100
2112
2139
2184
2186
2192
2194
2205
2219
2265
2270
2277
2278
2289
2290
2334
2338
2348
2357
2358
2360
2361
2378
2379
2411
2441
2445
2458
2459
2467
2479
2494
2517
2530
2569
2572
2607
2624
2627
2630
2632
2641
2654
2676
2682
2708
2717
2729
2731
2732
2761
2775
2778
2780
2787
2796
2799
2829
2834
2835
2836
2851
2855
2871
2873
2879
2881
2892
2912
2920
2922
2929
2941
2945
2966
2978
2984
2988
3015
3016
3027
3102
3132
3160
3183
3191
3199
3204
3212
3214
3224
3230
3249
3250
3252
3264
3281
3284
3287
3305
3307
3311
3343
3352
3361
3372
3380
3385
3403
3419
3423
3432
3436
3438
3444
3450
3457
3477
3510
3553
3555
3561
3572
3578
3584
3628
3633
3647
3692
3694
3703
3706
3714
3719
3721
3736
3747
3773
3777
3790
3800
3803
3814
3827
3831
3848
3851
3853
3861
3871
3873
3881
3889
3908
3921
3923
3925
3939
3950
3960
3990
3991
3992
4025
4032
4034
4035
4039
4054
4072
4080
4090
4101
4109
4119
4131
4141
4147
4153
4175
4184
4199
4209
4211
4222
4239
4265
4277
4278
4284
4285
4306
4318
4326
4338
4351
4352
4354
4363
4369
4396
4398
4402
148
157
160
163
181
212
252
262
264
280
290
307
334
340
351
354
360
370
394
397
409
419
437
472
498
500
503
505
506
510
523
526
527
528
536
537
549
561
567
571
597
600
629
636
651
687
701
783
784
792
799
800
818
856
859
867
884
895
924
931
933
956
960
968
976
1008
1014
1023
1030
1039
1043
1063
1080
1081
1085
1090
1101
1104
1108
1109
1111
1126
1133
1136
1139
1142
1144
1159
1174
1182
1196
1211
1218
1226
1231
1235
1274
1299
1310
1313
1341
1345
1368
1406
1407
1442
1444
1453
1462
1486
1488
1497
1507
1525
1526
1529
1585
1655
1697
1700
1711
1715
1742
1744
1750
1753
1760
1761
1766
1772
1791
1845
1858
1894
1915
1919
1931
1942
1943
1947
1960
1992
1998
2002
2005
2052
2072
2078
2079
2098
2105
2109
2131
2160
2202
2209
2217
2222
2227
2266
2276
2310
2313
2320
2339
2340
2374
2381
2390
2415
2439
2455
2489
2495
2508
2547
2549
2550
2566
2568
2583
2586
2609
2621
2626
2638
2639
2647
2649
2656
2660
2668
2681
2725
2727
2736
2742
2744
2755
2759
2767
2768
2772
2773
2790
2797
2798
2827
2831
2854
2865
2887
2889
2897
2926
2927
2939
2940
2961
2974
2979
2985
2987
3017
3082
3096
3112
3129
3133
3135
3137
3143
3146
3157
3158
3179
3185
3200
3202
3211
3239
3246
3255
3263
3282
3312
3348
3371
3375
3377
3379
3383
3398
3402
3404
3406
3414
3418
3431
3456
3463
3464
3478
3484
3513
3550
3556
3562
3567
3575
3583
3589
3594
3595
3600
3610
3616
3626
3651
3657
3671
3678
3682
3690
3701
3709
3715
3740
3749
3750
3776
3783
3786
3789
3807
3816
3830
3837
3842
3847
3875
3895
3907
3932
3947
3951
3976
3989
3996
4000
4005
4009
4011
4023
4024
4037
4055
4073
4089
4096
4100
4108
4116
4135
4143
4165
4168
4170
4173
4182
4185
4188
4191
4203
4208
4213
4216
4241
4245
4251
4270
4279
4282
4295
4305
4307
4331
4337
4360
4361
4366
4370
4382
4395
4405
146
154
155
166
193
199
231
236
244
245
248
254
255
289
353
357
359
364
379
380
386
411
414
426
433
434
449
486
488
499
502
512
539
550
584
623
642
655
667
688
689
690
693
696
697
703
732
734
761
769
785
798
811
815
817
821
828
831
834
847
849
866
868
882
889
917
930
932
934
938
942
972
987
994
1005
1015
1024
1025
1026
1061
1062
1072
1079
1082
1093
1094
1095
1096
1106
1112
1115
1130
1134
1166
1170
1203
1206
1212
1221
1255
1264
1276
1296
1316
1360
1387
1390
1410
1426
1428
1430
1445
1448
1449
1461
1527
1547
1557
1561
1569
1573
1575
1582
1584
1626
1673
1699
1710
1712
1762
1767
1783
1785
1789
1835
1850
1853
1901
1905
1917
1928
1929
1933
1949
1999
2004
2015
2042
2069
2070
2077
2099
2102
2107
2124
2182
2187
2193
2221
2226
2249
2262
2272
2302
2309
2325
2332
2347
2351
2359
2377
2382
2384
2408
2431
2442
2473
2474
2478
2480
2491
2507
2522
2574
2577
2579
2608
2620
2631
2635
2637
2651
2652
2657
2659
2670
2688
2693
2694
2718
2719
2720
2726
2730
2735
2737
2749
2753
2754
2757
2760
2763
2764
2770
2792
2800
2805
2806
2807
2820
2837
2840
2852
2866
2867
2870
2874
2883
2895
2899
2901
2925
2942
2958
2989
3006
3013
3031
3038
3040
3047
3059
3072
3079
3081
3088
3089
3095
3098
3100
3103
3104
3139
3180
3196
3197
3203
3210
3220
3223
3265
3296
3300
3309
3315
3331
3334
3338
3342
3345
3353
3374
3387
3392
3405
3416
3433
3434
3455
3472
3473
3475
3479
3482
3494
3554
3565
3571
3573
3579
3580
3585
3596
3612
3615
3618
3619
3630
3631
3652
3654
3670
3673
3674
3680
3687
3704
3718
3724
3733
3738
3748
3766
3787
3798
3799
3805
3809
3815
3826
3840
3849
3850
3855
3864
3865
3869
3874
3882
3888
3890
3894
3896
3901
3918
3933
3934
3940
3945
3964
3980
3988
3999
4012
4031
4048
4067
4085
4086
4087
4106
4118
4122
4133
4134
4146
4159
4169
4177
4183
4194
4195
4197
4210
4215
4227
4231
4235
4243
4260
4262
4263
4264
4298
4300
4317
4335
4349
4355
4368
4377
4379
4391
4392
4397
4404
147
149
158
162
174
241
242
253
276
286
288
308
310
331
352
377
383
387
392
408
410
412
418
429
432
435
442
464
466
473
478
480
487
489
492
493
495
496
504
525
548
591
596
660
702
736
740
780
791
793
796
816
819
823
825
833
840
843
844
848
873
881
909
916
941
951
959
967
970
978
984
993
995
996
1022
1029
1031
1041
1044
1045
1046
1073
1076
1087
1089
1128
1131
1138
1173
1175
1181
1185
1193
1194
1215
1222
1227
1229
1230
1265
1269
1275
1292
1295
1332
1369
1419
1427
1441
1446
1459
1473
1474
1489
1498
1508
1521
1535
1568
1570
1648
1652
1698
1713
1721
1722
1740
1748
1751
1756
1757
1769
1770
1790
1842
1844
1856
1891
1914
1916
1936
1944
1945
1961
1979
2011
2023
2027
2028
2045
2051
2054
2056
2074
2080
2110
2111
2118
2122
2181
2190
2201
2218
2230
2241
2246
2248
2258
2261
2268
2275
2280
2311
2319
2322
2326
2329
2350
2356
2364
2365
2380
2385
2387
2388
2396
2407
2448
2454
2457
2468
2475
2485
2492
2516
2523
2546
2554
2575
2585
2617
2619
2628
2636
2646
2650
2658
2677
2685
2687
2710
2741
2743
2758
2762
2769
2788
2804
2808
2822
2830
2833
2839
2842
2843
2845
2853
2872
2875
2888
2898
2906
2921
2928
2930
2937
2938
2964
2971
2977
2980
2983
2986
2991
2999
3001
3004
3005
3014
3019
3020
3025
3030
3046
3052
3060
3073
3078
3080
3084
3092
3093
3159
3184
3190
3195
3205
3216
3237
3238
3240
3248
3259
3266
3273
3289
3299
3317
3347
3351
3354
3362
3367
3378
3401
3415
3424
3446
3462
3465
3485
3501
3503
3521
3536
3569
3576
3597
3611
3613
3621
3653
3655
3679
3683
3698
3708
3712
3764
3784
3788
3811
3828
3829
3846
3854
3872
3880
3885
3887
3892
3893
3897
3903
3917
3924
3937
3954
3965
3972
3973
3974
3984
3998
4021
4033
4040
4052
4074
4075
4076
4102
4105
4107
4123
4124
4132
4145
4155
4157
4158
4161
4163
4172
4174
4198
4214
4232
4237
4240
4254
4259
4275
4283
4293
4297
4303
4308
4313
4320
4330
4334
4339
4356
4362
4364
4394
4400
4401
4403
150
152
156
161
191
200
202
247
249
265
269
279
355
366
375
384
393
402
416
427
428
443
462
501
513
514
530
538
540
582
583
611
612
626
627
637
652
653
691
704
737
765
777
832
835
845
854
855
857
885
908
910
921
927
928
955
969
974
988
992
1002
1009
1011
1027
1035
1042
1052
1054
1074
1083
1092
1097
1099
1102
1114
1121
1127
1129
1137
1151
1155
1157
1160
1191
1253
1258
1261
1262
1266
1272
1278
1280
1294
1297
1298
1308
1318
1320
1364
1367
1370
1395
1409
1416
1420
1447
1465
1475
1490
1509
1530
1564
1574
1581
1593
1629
1653
1654
1707
1714
1741
1743
1755
1764
1775
1788
1793
1841
1843
1848
1855
1871
1878
1903
1911
1937
1939
1940
1941
1971
1973
1985
1991
2024
2030
2037
2068
2085
2089
2097
2101
2106
2133
2135
2162
2167
2173
2175
2188
2191
2206
2208
2242
2247
2255
2256
2259
2264
2269
2288
2353
2362
2376
2383
2397
2398
2412
2443
2447
2452
2471
2472
2477
2481
2487
2581
2582
2584
2600
2616
2618
2633
2642
2643
2653
2655
2666
2680
2686
2689
2690
2692
2703
2706
2707
2716
2721
2722
2728
2733
2734
2739
2756
2766
2771
2774
2786
2789
2791
2794
2795
2801
2818
2819
2823
2824
2828
2832
2844
2868
2882
2896
2900
2904
2918
2923
2943
2959
3011
3012
3018
3024
3026
3042
3048
3050
3051
3056
3074
3075
3077
3083
3085
3090
3131
3144
3148
3150
3152
3156
3165
3188
3192
3193
3213
3217
3231
3247
3253
3258
3261
3271
3274
3275
3285
3286
3288
3295
3297
3298
3313
3320
3335
3339
3373
3376
3382
3397
3417
3430
3435
3442
3459
3474
3476
3480
3481
3483
3488
3495
3518
3520
3523
3535
3547
3560
3563
3568
3574
3577
3582
3605
3620
3629
3648
3656
3684
3689
3691
3696
3707
3710
3713
3734
3737
3746
3769
3775
3794
3795
3801
3836
3845
3863
3868
3877
3884
3906
3910
3919
3922
3931
3936
3938
3956
3963
3979
3981
3986
3993
3994
3995
3997
4013
4038
4051
4053
4061
4063
4065
4069
4070
4071
4077
4078
4079
4093
4097
4103
4104
4121
4125
4142
4152
4156
4167
4200
4202
4205
4212
4218
4233
4238
4256
4272
4273
4276
4299
4333
4365
4376
