1764
264
1142
2028
2774
161
536
3853
357
249
2569
4175
2971
1368
3305
2586
591
3710
4085
443
582
3895
3535
2487
3204
3042
596
1206
4293
410
3417
1332
623
3472
4174
1462
3416
453
4397
1017
1207
4163
1092
2897
1445
473
1155
510
561
1043
238
2900
987
612
3594
2739
2585
636
3940
2680
848
2938
2829
3331
2871
2122
3093
884
525
3684
2277
1135
3679
2448
992
3655
1748
3881
3473
1756
3518
2376
3223
265
3026
3749
1893
4065
1280
3025
3348
1585
3146
693
1707
3831
2758
988
4352
2218
883
3288
2620
2227
2775
4405
1061
2753
3027
370
3555
978
3038
2439
4317
2334
2638
3312
3724
3455
3435
3997
3842
1527
4053
4135
3188
825
4395
3657
428
3205
1490
3805
3988
4243
412
2458
2572
889
3183
2942
1793
3652
3933
4188
2977
3996
858
3287
1917
3789
4279
3777
3626
1085
2338
2191
2983
1181
4305
1883
2920
3921
989
236
3689
3918
2767
3192
3011
1697
3521
351
2887
3392
2480
276
2780
2681
1102
812
4213
1442
2378
4232
897
3248
2387
3788
2650
1903
1582
2764
1420
3476
2901
2778
3654
2937
1751
1159
923
4277
933
3485
3712
687
824
3708
4326
2818
4237
4260
364
1115
3300
800
1489
3799
3144
3313
3406
1853
2656
2619
3362
3718
3919
523
2798
3096
4259
4069
3074
737
2986
366
3621
2407
3088
653
3342
4023
472
1218
733
2600
4377
3253
3836
3376
1138
2989
1226
4235
2658
1274
4052
1940
4402
500
1572
3618
3012
3520
2494
2686
465
4048
2888
627
2879
3951
3855
1273
2873
3989
1448
3464
3584
245
3998
2020
4202
2262
2320
2313
1265
3746
1211
850
379
2568
2941
2840
3190
489
442
2883
2443
1992
2077
2332
538
1193
2374
2632
2181
2098
3214
859
3573
4037
2922
4024
3263
1203
3361
3815
4200
3309
2727
1848
2828
991
3830
860
1744
1045
1649
3589
2442
866
2692
2431
2326
2918
3090
796
4122
3345
2854
797
3046
1031
2489
1775
2550
968
4298
3897
4233
1404
3787
3925
3273
2188
2080
2923
503
4061
857
2735
1673
2819
464
4218
4273
3016
4054
3670
372
1878
3482
4335
462
3266
1132
3784
4074
2074
1575
3275
1364
3656
3854
3981
4210
3775
2978
1506
4040
2666
493
3129
696
1928
1081
1101
1570
2288
655
539
1406
3845
2991
3826
4183
308
4033
925
495
3078
4379
2110
262
4369
1008
4146
2477
2687
1722
2808
3954
3015
727
1094
1011
3719
1395
2492
1584
4254
290
976
1757
906
2720
2365
4173
1358
4238
2660
2940
4320
772
3261
376
1079
1076
1521
3869
3255
931
3080
368
1160
1518
1015
3840
1253
3556
3100
4376
950
4005
1844
3986
1742
3343
921
4165
2999
286
584
4185
3980
406
2895
1781
2100
3707
3488
1596
1268
2787
909
2609
4211
2139
2173
3513
2906
2843
3258
2855
2728
3250
2248
1112
4161
1850
3193
2987
4349
1075
4306
3875
3373
3696
3580
1714
1408
3484
1082
2899
1905
288
4102
2037
2607
4089
3999
777
3880
3864
2688
4158
3286
1891
3565
1139
3462
3335
2763
951
3600
1196
4394
2646
401
527
2011
688
1564
2415
2581
3401
783
2097
2043
1235
4169
3653
908
502
429
2205
3923
466
3648
4308
856
181
3619
3005
3861
1573
1063
1262
2742
2078
385
3298
670
3917
916
4051
2733
2832
3378
3431
1842
1151
1261
3882
1750
3575
2396
3271
373
309
3692
3213
2175
959
3896
3199
4103
3098
3137
2762
2820
4245
4119
784
4299
2221
840
2651
881
2186
1999
3795
1994
247
162
3734
1944
3615
383
1960
2833
166
1023
2382
408
241
4012
1419
2302
3811
280
1416
2447
3202
1032
3196
941
2554
2789
1768
1295
3616
243
2085
3180
1136
4093
2072
4401
1715
3195
917
2710
212
474
279
1128
2637
4090
537
4256
3077
402
2974
1035
3801
251
377
365
1103
597
1089
2530
2193
993
3200
248
1979
2794
433
3191
1341
1429
1407
3465
2788
3612
1698
4134
2830
540
1229
3148
1449
2896
2772
3185
2364
2796
3284
3089
3179
2162
307
955
734
4307
1916
1275
4272
2217
2979
4080
2278
2689
3673
1157
3375
1786
793
1938
3075
1581
487
2249
1297
449
1790
3334
660
3150
434
1937
2851
3403
1266
3523
2135
255
4063
3931
1308
855
2685
2770
3079
642
1447
2769
1444
3807
907
2247
3246
287
2836
816
4396
3020
282
3816
2872
1794
2397
3713
3143
2839
1009
3965
530
3709
1461
1222
3320
1762
3984
2717
867
1230
1696
3237
846
781
967
571
4106
2280
938
4153
2608
1459
2657
2441
2412
3501
4334
3582
3444
958
3837
1278
3217
599
2479
1593
1939
1255
3794
1788
4208
3596
2627
3571
1114
2649
832
740
2721
4283
4278
1169
147
2874
1260
3569
3595
1699
1791
2659
703
163
3706
1131
4284
1528
2756
3974
1231
3418
4231
2069
3001
1766
732
769
156
1712
3285
1919
3938
160
1626
3240
701
3014
4038
2357
3317
2266
2027
3868
629
4021
3432
1494
2754
585
3367
2473
3737
3715
792
2388
3884
4034
1526
2023
1046
3434
3252
3682
4400
1486
2719
828
1936
1965
4333
1933
4182
2187
173
4300
1390
2633
2340
2755
513
3338
4241
3579
2731
254
2275
3683
3993
2616
2641
3483
2635
924
3865
1770
2961
3647
1767
3628
4035
2276
3220
4338
1369
2255
1943
1264
910
3680
2835
1843
4184
340
4212
2729
2259
815
1126
3910
600
3563
3474
4222
2015
1721
269
2870
2925
3674
785
1296
3964
3197
3297
4172
2647
3158
2167
1319
2222
1097
2882
3231
2051
3311
2160
1137
1215
3963
983
3289
2790
849
4360
4170
1845
3296
970
3013
3620
2549
663
3740
3764
548
4076
4318
2804
2272
2566
1753
831
4086
960
791
690
3212
1941
799
3547
3687
3766
2408
1310
4199
2377
3629
3887
2912
1062
3102
4351
1474
2892
2398
3307
4078
3945
2806
3885
1182
1473
3259
3703
4009
3572
3671
2939
2182
4295
3678
2478
1574
1170
3156
3383
4055
626
1563
496
4131
2390
2761
667
821
4104
2201
1568
3936
150
1083
505
1648
1530
4116
4142
1497
1292
4214
3006
1109
387
4133
512
4032
2718
157
2988
2383
1691
3073
1258
3299
1898
2190
2523
823
2311
1711
1547
2356
1785
3216
2546
3972
3031
3769
1931
2380
2491
3239
488
1090
2771
4070
514
531
4366
3631
1743
697
2310
2800
253
1080
3419
3160
2452
2759
2831
1370
1171
2958
4013
930
3354
2716
2246
490
2106
1014
4276
3112
3211
1509
882
2361
4368
3463
3024
3315
2351
3574
1949
969
1700
146
294
2339
3950
835
1772
974
3415
1441
4087
289
3095
2495
689
3872
1475
567
4132
765
1942
2202
480
3249
4155
4101
3030
1104
1021
2582
1465
1858
3159
4297
504
3550
2045
885
3372
739
2309
4331
2001
3481
2124
2743
4039
2099
652
3224
2773
1030
2230
409
3351
2360
2636
499
1914
3135
4270
3577
3475
1856
393
2943
3937
3976
1367
1488
2670
2350
492
3494
4205
2184
2749
1194
2194
3379
1971
868
3104
3990
782
994
2898
509
4398
1911
3630
854
1251
1755
2744
834
2842
1360
1345
1601
3387
3567
1871
1039
3704
2618
1876
1272
1318
813
2265
1022
3562
2837
4382
149
2455
3072
2024
1096
2708
4251
932
3060
3380
4215
174
2517
2030
2359
4118
172
4370
1947
2889
191
3051
2707
3790
1446
1894
1841
486
2107
2575
1320
4239
1276
2056
2070
2522
3203
704
2865
498
158
833
2834
1529
4000
2379
2261
3714
3576
4079
3733
4364
4109
573
3018
4125
1108
3477
3157
1583
3738
4167
3736
817
3339
2732
2472
1998
2617
1783
2242
736
1166
2219
1184
3377
2133
3960
1498
3578
2722
4159
844
2353
634
3995
919
3863
2921
3430
2980
506
698
1232
435
3633
2289
637
2676
3798
2768
2766
2068
3352
1191
501
3651
2547
3347
4203
4303
1592
4240
2270
2471
1130
2690
1316
1127
972
2639
798
3924
2626
3851
2475
2801
4097
2079
2630
3371
2797
306
3442
384
1713
2737
2042
1535
4077
702
3238
3459
995
3934
2945
3773
3932
3698
4157
4337
691
550
738
4177
2192
3247
1072
3230
2730
1041
386
4330
2109
3560
1277
549
2241
148
2628
2875
2904
4075
1569
1443
1653
895
3103
2474
1973
354
1158
2736
1269
3353
934
1152
4404
3085
1557
2411
1174
1508
2290
1111
1961
310
3004
3922
4391
1507
3786
3081
2319
2325
1655
1629
3050
2959
2984
4361
583
1212
3939
2516
1652
2805
3690
359
